1.0174840208298745, -0.11257897382032547, -0.56213849352212963, 0.99697600079887927, -1.2284732255868289, 2.0589505869122697, 0.23723253102908731, 1.2199808647505315, 0.083696658508190455, -1.1455887757023677, -0.090881945737851869, -1.0841411731105532, 0.0, -0.2381096782445721, 0.88908304830001117, 1.1913392870638611, 0.65490152704589299, 0.69041310194959993, -0.039738681987643666, -1.3817900479776137
0.3908417492194452, 0.76979215737125206, -0.2664110412484309, -0.76936226501290195, 0.18595309892583847, -0.60853102782760293, 1.6023636824560068, 0.097006736366260671, -0.28732815670853268, 1.3252223610987079, -0.50045862360274307, -1.3470708290423588, 0.0, 0.29766598900241698, -1.1602521220593531, -1.0516755926935017, -0.56327181935344395, -0.63977782925241644, 0.96016869846449393, 0.27047121003546098
1.0653077474934354, 0.74753642317214652, 1.5744511525823131, -0.17613590805364845, 1.5333482637326423, 0.47476408221964705, 0.32967015870542676, -0.36257519587994591, 2.1400263813506353, -0.65631403274647704, -1.2702893201037704, 0.3710179963112486, 0.0, -2.4732380460221597, -1.0346412948711168, 0.62266984176767992, 1.260939251565216, 0.67252584103431645, -0.9391641211243994, -0.69572537130881973
-0.99086980398255675, 0.36455082750679557, -0.17051310131155681, 0.53773783924075047, 0.63278150324524751, 0.69909199270413125, 0.064560547676833613, 1.6218958972319544, -0.93224325198784175, -1.0336429652745422, -0.4204722710737781, -0.26805994697343749, 0.0, -0.20254000439406053, -0.013855985197503492, -0.18502094284941781, 0.51121443614574968, 1.248004544986361, -0.45858370401517501, 2.1651718989898501
0.65692553264471953, -0.27811347345693932, -0.022207162780939635, -2.1172782321431556, -1.0063487066153758, 1.1947339413247022, 0.7675731869757485, -0.45709105290462282, 0.30183087010095905, -0.55726784885231484, 0.22218760622578823, -1.6725323824867158, 0.0, -0.1527299907608799, -0.026985033466238484, 1.3526905852908984, -0.75209564575393306, 0.13925468845943742, 1.0938196587183995, -0.79682407013853918
0.0, 0.0, 0.0, 0.0, 0.0, 0.0, 0.0, 0.0, 0.0, 0.0, 0.0, 0.0, 0.0, 0.0, 0.0, 0.0, 0.0, 0.0, 0.0, 0.0
-0.94550970992827477, -0.7511419789352064, -1.0124057645343936, 0.13822779176120464, -1.0417612512082637, 0.90471651467182201, -2.2982529967598766, 0.8135675260347518, -0.84312021278791005, 0.0030809478331553361, 2.06763925418052, -0.20403260624166936, 0.0, -0.25331821769214913, -0.42780674258621071, 1.8167570000315654, -0.23967615840342982, 0.13773285546877234, 0.011538102792692679, -2.0469950828983206
-1.5640596569981648, -0.36537049139322747, 0.47900745699010744, -0.40089701573733477, -0.61769443888267694, 0.42316338285395028, -0.25454775874614249, -0.10434954125263092, -0.69179385431907425, 1.2932413935769744, 0.9749345236117245, -0.8791843906344603, 0.0, -0.99511339914981556, 0.66668355629759068, -1.1204942939102625, -0.15368437593377407, 0.84599429987947583, -0.53823814429322214, -1.8475192132760705
-1.154741308310991, 0.13980211319398028, -0.33725050695335185, -0.40379195397188922, -2.0018558321256443, 1.5180859605180868, 0.63078483419958287, -0.26448993175086388, -2.8792896352892745, 0.43319514609234, 0.055720083295023565, -1.0618663776225949, 0.0, 1.1294607116769582, -1.250235673691158, -0.037084762909154328, -1.0249991155318068, 1.6043873304922531, 0.31335654446493971, -0.99566719289272387
1.1348151229227073, 1.029061473135281, -0.69610360581526198, -0.36551194903442813, -0.55690878870178184, -0.56769950386590806, -0.35714595248036124, -0.77028543785269321, 0.60242057436593777, 0.79101075523356512, 1.7486907928193549, -0.52990892232894693, 0.0, 1.645206895634775, -0.68198570709721662, -0.59714195481818466, 0.54480126102603654, -0.17807053947890442, 0.85586622488966113, 0.24660163931466036
1.5286913541014551, -1.5161642377479678, -0.93581420942691129, 0.26203577131304961, 1.5599580775301898, 0.37498823883131732, 0.039187641012483142, -0.19279274407632574, -0.21498134018724871, 1.0953356170125694, 0.59886322173217144, -0.3633049007695906, 0.0, 0.79901624411779992, 0.0023735974570282636, 1.109630033003933, -0.78677841265652793, -1.4432481472575995, -0.99889761065903693, 0.19232977476807925
0.57183309478861166, -0.81701531964858198, 1.0994601123559962, 0.2633715309651064, -0.22307619980210885, 1.4394688914343736, 0.47682852390546659, -1.8759727717972847, -1.1723490431935284, 1.3274248708196434, 0.39238507292088665, -0.38428170308546, 0.0, 0.20114010675455576, -2.0997201343023852, -0.0024711037522987087, -0.13910526302823234, -1.0178194450518063, 0.33469114502541036, -0.98429985066427039 
0.82258968648197694, 0.52679512283912144, 1.7317773024592589, 0.42659563698635705, -0.42230440812693304, -0.67942105739286662, 0.60676812717562456, -0.021373232325275805, 0.52138860902150397, -2.1447273801184181, 0.55069703183835894, 1.477351836040713, 0.0, -0.63565108367411105, 1.1840684347562289, 1.4661717847461069, -1.3557614331129857, 1.2205237915192035, 0.25059538973959294, -0.43744505573302878
0.4046578338416027, -1.8614193593540318, -1.6937736632839506, 1.1996022161715609, 0.18940825508118858, -0.31063015545073236, 0.1473297724720937, -0.092259857666528181, 0.60144665030965683, 0.30210046663788165, 0.3033978422706507, 0.68919790608250575, 0.0, -0.75784656999352917, 1.9778924231297581, 0.19594319970433963, 0.68783055447046548, 0.18508137257903776, -0.16554267383046006, -1.1784815749673065
0.46036626411449083, -0.023527779902185776, -1.0623788215612309, -0.0013239972974590521, -0.49428109683689142, 0.60736403723138566, -0.94026779599720767, 0.83028711815327016, 1.4751136424506888, 0.85351002729129033, -0.78567761949251635, 0.46377882606811927, 0.0, -0.053221850074242766, 1.2216159592392553, -1.0354693948703644, -0.46778480504048253, 0.35576448446163944, -0.73192796350620704, -0.11183387995672876
-0.84927507329394403, -0.38705307838955133, 0.4321825860975908, 0.87989384067053322, -0.61265850166394098, 0.80597063835944827, -0.72842555694491484, -0.048532745586277314, -0.94372164660575952, -0.4305677293523773, -2.332935176064129, -0.27881665321645221, 0.0, 0.95248843839972708, -1.5060553597349537, 1.6542241365814927, -1.3935069959840694, 0.27775430714833282, 0.035933445675744989, -0.88942456826726102
-0.58009589975804765, -0.048600033892625606, -0.19861665531687719, 0.038793555838089737, -1.360688652510041, -0.24683892970360405, -0.047720931033184588, -0.79588982878793879, -0.68200327061166577, -0.12830684526608971, -0.057489168844551373, 0.21062144956883191, 0.0, -1.4010394862280802, -1.6945795753571748, 0.09243222952072995, -1.4209774977284411, -0.019173356620181738, 1.6050083469091749, -0.52345021199928687
1.0468499865207648, -1.1180947301290309, 0.7747637822164618, 0.26373546306815093, -0.044356725108476137, -0.54886438328453901, -0.38765404461499225, 1.7514492319972941, 0.61417738989674153, 0.11946137930148443, 0.22433849940369135, -1.1749030588993874, 0.0, -0.35235972208264826, -0.39490218533408716, 0.82712430538729809, 0.42386889905815578, -0.58189998783235075, 0.4605501788295675, 0.29079799170638837
-1.2727230262763787, -0.67669932303275171, -0.6702226394306372, -0.03274041778900607, 0.33093532308842505, 0.68557818657567482, 0.36768630954351789, 0.2023145671304063, 0.91292572859465182, -1.9547048782164853, -0.12212302308710249, -0.9386783639815921, 0.0, 0.4400242768185309, -0.12251741285015268, -0.18256896226530528, -0.097337034073320727, -0.1291458676792793, -0.29462135864766115, -1.9977924401697538
-0.62142277607654361, 0.58428369120115387, -0.24518635199704453, 0.25233266479930055, -1.5597251078167105, 0.49627182917935481, 0.20217939769758567, 1.5911635179505121, 0.81610875336272015, -0.29799560288737897, 2.0821498061350097, -0.021438590474865595, 0.0, 0.36965631181718839, 0.80222159587224662, -0.39280404043306183, 0.34710660746539906, -0.7572496572391042, -1.4918813863020035, -0.46241575852876227
